#use fpga acceleration
useFPGA: false
useGPU: false
#particles
MAX_PARTICLES: 300

#map
MAX_RANGE_METERS:	10

#motion model
std_w_mul:	0.050  #0.050
std_yaw:	  0.066  #0.020
std_x_mul: 	0.050  #0.020
std_y_mul: 	0.030  #0.020
std_v_mul:	0.066  #0.050

#sensor model table
z_short:   	0.01 #0.010
z_max:     	0.07 #0.070
z_rand:    	0.12 #0.120
z_hit:     	0.75 #0.750
sigma_hit: 	8.00 #8.000

#sensor model
maxRayIteration: 	80
maxRange: 		    11.5
angleMin: 		    -2.35619449615
angleMax: 		    2.35619449615
angleIncrement:  	0.00436332309619
angleDownsample: 	18.0
